0.3608889580
0.3621914387
0.3578867912
0.3290295601
0.3570759296
0.3354995251
0.3362243176
0.3337702751
0.3351130486
0.3262388706
0.4025003910
0.4141004086
0.6674139500
0.5307416916
0.3787827492
0.4284019470
0.4762332439
0.4625804424
0.5033206940
0.3879501820
0.4350121021
0.3684551716
0.3641662598
0.3396542072
0.3965880871
0.3380715847
0.4155442715
0.3203630447
0.4273552895
0.4066653252
0.3474507332
0.3243377209
0.3272140026
0.3730142117
0.3938565254
0.4218139648
0.3661062717
0.3821601868
0.3595991135
0.3292186260
0.3312437534
0.2979063988
0.3771150112
0.3443808556
0.3507316113
0.3906683922
0.3452866077
0.3363785744
0.3427522182
0.3474004269
0.4121997356
0.3042984009
0.3950662613
0.3038272858
0.3946316242
0.3104848862
0.3466444016
0.3393981457
0.3600187302
0.3653821945
0.3482997417
0.4407207966
0.3463997841
0.3229169846
0.3815996647
0.3697507381
0.3489863873
0.4853088856
0.4030475616
0.3481330872
0.3472073078
0.4096250534
0.3708176613
0.5308210850
0.3491649628
0.3898401260
0.3647193909
0.4214994907
0.3732018471
0.3802814484
0.3657071590
0.3698158264
0.3699488640
0.3717861176
0.3369052410
0.4000329971
0.3151531219
0.3605837822
0.4112000465
0.4274275303
0.4097900391
0.4126484394
0.4184446335
0.3650939465
0.3345456123
0.3590013981
0.3802876472
0.4686543941
0.3050093651
0.3794028759
0.4039320946
0.3528964520
0.3281207085
0.3679692745
0.4081177711
0.4439158440
0.3578188419
0.4277677536
0.3359489441
0.3518970013
0.3807809353
0.4307503700
0.3615515232
0.3858766556
0.4080872536
0.4674651623
0.3703200817
0.3340940475
0.3947618008
0.3963906765
0.4316685200
0.3884968758
0.3755404949
0.3351888657
0.3286232948
0.4042310715
0.4044196606
0.3961484432
0.3436737061
0.3580100536
0.3081681728
0.3894445896
0.3861436844
0.3813748360
0.4525809288
0.3412697315
0.3295443058
0.3833196163
0.3349974155
0.3678057194
0.3795642853
0.3533861637
0.3845734596
0.3713021278
0.3269386292
0.4109575748
0.3260860443
0.3248434067
0.3124880791
0.3504130840
0.3415820599
0.3084120750
0.3564279079
0.3328821659
0.3205974102
0.3320734501
0.3678445816
0.3400566578
0.3457396030
0.3746562004
0.3127744198
0.3624763489
0.3313481808
0.3409497738
0.3542840481
0.3104140759
0.3404123783
0.4098157883
0.4034030437
0.3899326324
0.2967412472
0.3240337372
0.3383092880
0.3180975914
0.3858201504
0.3289880753
0.3158979416
0.3862657547
0.3197369576
0.2946920395
0.3315727711
0.3911943436
0.4177215099
0.3920516968
0.3711485863
0.3940296173
0.3411715031
0.3206167221
0.3402807713
0.3360862732
0.3276851177
0.3609452248
0.3326697350
0.3703880310
0.2932016850
0.3257679939
0.3885750771
0.3645179272
0.3121867180
0.3174862862
0.4000952244
0.3430337906
0.3228743076
0.3216922283
0.3943219185
0.3436186314
0.4175746441
0.3558685780
0.4337282181
0.3139832020
0.2843120098
0.3299050331
0.3586697578
0.2977650166
0.3358173370
0.3433096409
0.2968983650
0.4073338509
0.3425173759
0.3449213505
0.3423626423
0.3054049015
0.3244688511
0.3306796551
0.3092305660
0.3347992897
0.3585510254
0.3179585934
0.3511202335
0.3255031109
0.3033342361
0.3219380379
0.3411898613
0.3205986023
0.3003942966
0.2896955013
0.3559622765
0.3948838711
0.4717619419
0.4123718739
0.4088585377
0.5249190331
0.3994207382
0.4040632248
0.4715726376
0.4377503395
0.3742516041
0.3841309547
0.3803491592
0.3701841831
0.3813865185
0.5143291950
0.3986778259
0.3782615662
0.3900241852
0.3555672169
0.3185317516
0.4959695339
0.5772275925
0.4099981785
0.3911402225
0.3953695297
0.3744397163
0.3741374016
0.4191701412
0.3371474743
0.4117913246
0.3907725811
0.3869915009
0.3963654041
0.4513165951
0.4473536015
0.3936736584
0.5029077530
0.3736836910
0.3472986221
0.4466853142
0.3560917377
0.3803005219
0.3577997684
0.3610403538
0.4155550003
0.3349995613
0.3451063633
0.4418885708
0.4020700455
0.3459606171
0.3654870987
0.3850269318
0.4186410904
0.3813452721
0.4030454159
0.3508000374
0.3839063644
0.3275427818
0.3351237774
0.3488533497
0.3176977634
0.3100695610
0.3233120441
0.3301391602
0.4004733562
0.3487226963
0.3201537132
0.3690798283
0.3375146389
0.3416709900
0.3436145782
0.2999386787
0.3477032185
0.4107091427
0.3631155491
0.3513102531
0.3622646332
0.3438003063
0.4104657173
0.3515470028
0.4488148689
0.3390409946
0.3206832409
0.3545210361
0.3380098343
0.3203423023
0.3477780819
0.3344228268
0.4279129505
0.3481709957
0.4302594662
0.3901276588
0.3471944332
0.4162864685
0.3268523216
0.3648886681
0.3382472992
0.3216838837
0.3880772591
0.3832008839
0.3330388069
0.3623738289
0.4761202335
0.3608968258
0.3542587757
0.3329653740
0.3632824421
0.3623509407
0.5445606709
0.3741629124
0.3533818722
0.4348778725
0.4679446220
0.4281883240
0.5340254307
0.4269268513
0.4078347683
0.3722636700
0.3577747345
0.3940770626
0.3656549454
0.3143351078
0.3517673016
0.3293962479
0.3735451698
0.4090523720
0.3603324890
0.4409494400
0.3605136871
0.3303761482
0.3833892345
0.3150565624
0.2998361588
0.3175597191
0.3123972416
0.3434092999
0.3820095062
0.3732931614
0.3640832901
0.3632910252
0.3373184204
0.3370659351
0.3090801239
0.3591353893
0.3208565712
0.3892989159
0.3109924793
0.3212113380
0.3356003761
0.3260178566
0.3624715805
0.3246905804
0.3436994553
0.3224196434
0.3629214764
0.3672175407
0.2935039997
0.2769758701
0.3364901543
0.3280951977
0.3452079296
0.2975025177
0.3030591011
0.3447134495
0.3295021057
0.3174042702
0.3066101074
0.3629095554
0.3748264313
0.3849477768
0.3596503735
0.3044974804
0.3753924370
0.3116552830
0.3418138027
0.3842301369
0.3007993698
0.3023986816
0.3591778278
0.3478527069
0.2784848213
0.3008658886
0.2719769478
0.3295199871
0.3358833790
0.3575441837
0.3265888691
0.3124215603
0.3212370872
0.3175964355
0.3654565811
0.3408017159
0.3393995762
0.3184821606
0.2977421284
0.3331696987
0.3116793633
0.3302936554
0.3490359783
0.3195564747
0.3192417622
0.3541541100
0.3247706890
0.3144619465
0.4131464958
0.3117494583
0.3295693398
0.3003790379
0.3228883743
0.3157658577
0.3763699532
0.3367989063
0.3375039101
0.3023254871
0.3057053089
0.3280067444
0.3274183273
0.3372819424
0.3084003925
0.3489744663
0.3582830429
0.3320083618
0.3220083714
0.3069448471
0.3492097855
0.3219871521
0.3523650169
0.3443968296
0.3437871933
0.3326649666
0.3735156059
0.3071818352
0.3413808346
0.3148078918
0.3362574577
0.3188879490
0.3283681870
0.3304295540
0.3866922855
0.3421902657
0.3449058533
0.3463578224
0.3622303009
0.3472418785
0.3836352825
0.3443279266
0.3165640831
0.3780188560
0.3355298042
0.2914657593
0.3071157932
0.3765559196
0.3304147720
0.3509578705
0.3011841774
0.3242995739
0.3469159603
0.3286304474
0.3457934856
0.3809232712
0.3827755451
0.3117182255
0.3117160797
0.3039968014
0.3154220581
0.3432898521
0.3777730465
0.3574738503
0.3663618565
0.2903914452
0.3158395290
0.3531026840
0.2936065197
0.3597714901
0.3661317825
0.3694667816
0.3308143616
0.3424015045
0.3741400242
0.2939207554
0.3232693672
0.3680584431
0.3380873203
0.3039226532
0.3098955154
0.3448870182
0.2822642326
0.3514776230
0.3736288548
0.3433527946
0.2949695587
0.3276016712
0.3823807240
0.3006227016
0.3071649075
0.2970092297
0.4732656479
0.3589801788
0.3313114643
0.3702683449
0.3391921520
0.2818114758
0.3106827736
0.3359653950
0.3404796124
0.3027422428
0.3389294147
0.3483738899
0.4041504860
0.3305721283
0.3813655376
0.3096284866
0.3205876350
0.3618516922
0.4514167309
0.3249669075
0.3431909084
0.3055517673
0.3170371056
0.3298375607
0.3542962074
0.3350603580
0.3132627010
0.3110084534
0.3265788555
0.3434834480
0.3231558800
0.3371510506
0.3352499008
0.3357627392
0.2990243435
0.3344671726
0.3520481586
0.3341319561
0.3206307888
0.3295738697
0.3078534603
0.3100295067
0.3004183769
0.3434927464
0.3528470993
0.3943006992
0.3516728878
0.3652801514
0.3360612392
0.3241941929
0.2960038185
0.3679490089
0.3736464977
0.3196241856
0.3122103214
0.4611485004
0.3565366268
0.3680467606
0.3304648399
0.3859097958
0.2805612087
0.3485877514
0.3287138939
0.2994327545
0.2979338169
0.3389546871
0.3314561844
0.3262672424
0.3154828548
0.3579924107
0.3141713142
0.3511147499
0.2922842503
0.3071141243
0.3466839790
0.3274996281
0.3299036026
0.3335566521
0.2895994186
0.4164986610
0.3541259766
0.3323674202
0.3241372108
0.3182616234
0.3250081539
0.3593559265
0.3107936382
0.3378226757
0.3518514633
0.3274075985
0.3462688923
0.3425891399
0.3168382645
0.3318288326
0.3836929798
0.3726451397
0.3238024712
0.2883763313
0.3344995975
0.4002745152
0.3053088188
0.3476531506
0.3455152512
0.2921285629
0.3407840729
0.3283591270
0.3870639801
0.3892560005
0.3668591976
0.3640296459
0.3444116116
0.3624112606
0.4452126026
0.3828492165
0.3439161777
0.3144886494
0.3168780804
0.3678376675
0.3117911816
0.3076238632
0.3421802521
0.3601210117
0.3781359196
0.2916321754
0.3462579250
0.3679091930
0.3463196754
0.3192062378
0.3198063374
0.3496141434
0.3350493908
0.3034763336
0.3404738903
0.3708148003
0.4095242023
0.3317005634
0.3113660812
0.3769302368
0.2819068432
0.2947294712
0.3594624996
0.3454983234
0.3501288891
0.3037595749
0.3942298889
0.3364830017
0.3183774948
0.2856836319
0.3687224388
0.4255106449
0.3915443420
0.3366067410
0.3548061848
0.3602952957
0.3542985916
0.3264954090
0.2847881317
0.3172128201
0.3345839977
0.3217024803
0.3304429054
0.3234868050
0.2968392372
0.2640757561
0.3172481060
0.3261969090
0.3469645977
0.3410139084
0.3255281448
0.3517451286
0.3606405258
0.3144469261
0.3304564953
0.3818173409
0.3276119232
0.2941055298
0.3366844654
0.3027987480
0.3256785870
0.3073260784
0.3144972324
0.3872311115
0.3049085140
0.3305609226
0.3217558861
0.3375582695
0.3272008896
0.3161933422
0.3090262413
0.3175852299
0.3388094902
0.3224875927
0.3162007332
0.3391907215
0.3408391476
0.3089959621
0.3441247940
0.2956607342
0.3413279057
0.3046677113
0.3440923691
0.3174765110
0.3143627644
0.2998375893
0.3155488968
0.3273668289
0.2889966965
0.3603799343
0.3631198406
0.3650486469
0.3392152786
0.3133625984
0.3012859821
0.3994736671
0.3620011806
0.3365571499
0.3319296837
0.3385512829
0.3301465511
0.3156173229
0.3722536564
0.4635646343
0.3322296143
0.3756568432
0.4233684540
0.3575067520
0.3407483101
0.3466849327
0.4293375015
0.3497447968
0.4025998116
0.3159503937
0.3545036316
0.3930711746
0.3728399277
0.2802600861
0.3280873299
0.3337273598
0.3849725723
0.3646647930
0.2734661102
0.3001053333
0.3326282501
0.3061883450
0.3084254265
0.3452980518
0.3883681297
0.3688330650
0.3876926899
0.3112890720
0.3466489315
0.3361420631
0.3104293346
0.3829867840
0.3076238632
0.3210537434
0.3012681007
0.3450157642
0.4084613323
0.3415093422
0.2955293655
0.3392708302
0.3544113636
0.3312304020
0.3865494728
0.3519582748
0.3846917152
0.2943379879
0.3379268646
0.4070558548
0.2952849865
0.3259332180
0.3322212696
0.3019723892
0.3286359310
0.3812737465
0.2981603146
0.4058599472
0.2915127277
0.3060026169
0.3680720329
0.3017835617
0.2938082218
0.2821910381
0.3033347130
0.3741686344
0.3374319077
0.3279793262
0.3932518959
0.3690884113
0.3152751923
0.3604846001
0.3519442081
0.3231172562
0.3935768604
0.3249113560
0.3043911457
0.3423426151
0.3042840958
0.2807343006
0.3705873489
0.3527562618
0.3575766087
0.3181891441
0.3463325500
0.3639249802
0.3390014172
0.3343431950
0.3514378071
0.3172702789
0.3048336506
0.3452811241
0.3631451130
0.3487954140
0.3398060799
0.3482661247
0.3467195034
0.3416798115
0.3501796722
0.3665244579
0.3154070377
0.3505256176
0.3137919903
0.3412735462
0.2783334255
0.3281669617
0.3087186813
0.3622288704
0.3920729160
0.4181382656
0.3229098320
0.3704462051
0.3619821072
0.3514137268
0.3795588017
0.3742313385
0.3200900555
0.3255934715
0.3988978863
0.3625743389
0.3130459785
0.3262805939
0.3368661404
0.3322889805
0.3092350960
0.3204016685
0.2990853786
0.3104529381
0.2980406284
0.3085031509
0.3287448883
0.3176519871
0.3194873333
0.3136870861
0.3108351231
0.3181703091
0.3393726349
0.3026785851
0.3238680363
0.3061683178
0.3085088730
0.4120664597
0.3747935295
0.3101725578
0.3616111279
0.3275685310
0.2939360142
0.3344688416
0.3321356773
0.2938301563
0.3502092361
0.2810075283
0.3209998608
0.3958563805
0.3257944584
0.3746616840
0.3834528923
0.3400657177
0.3017282486
0.2821395397
0.3133919239
0.3786303997
0.3404254913
0.3673694134
0.3776154518
0.3123786449
0.3307037354
0.3608226776
0.3126873970
0.3567755222
0.2801129818
0.3065390587
0.3479228020
0.3057584763
0.2855343819
0.3380596638
0.2950510979
0.3465929031
0.3568239212
0.3696146011
0.3739237785
0.2868707180
0.3193717003
0.3697130680
0.3350975513
0.3352427483
0.3164303303
0.3286046982
0.3112719059
0.3289883137
0.3000352383
0.2957456112
0.3290183544
0.3169953823
0.2879683971
0.3702878952
0.3353109360
0.3653564453
0.3373417854
0.3170385361
0.3120296001
0.3454775810
0.4003193378
0.3504400253
0.3486847878
0.3261764050
0.3604528904
0.3986361027
0.3224716187
0.3090298176
0.3409316540
0.3414177895
0.3270573616
0.3618569374
0.3386456966
0.3498690128
0.3000733852
0.3449225426
0.3645045757
0.3314673901
0.3222398758
0.3576467037
0.3138544559
0.3132886887
0.3458387852
0.3366715908
0.3306696415
0.3134508133
0.3262939453
0.3614635468
0.3039367199
0.3421933651
0.3607294559
0.3498377800
0.3205094337
0.3158769608
0.3034317493
0.4053092003
0.3238465786
0.3283836842
0.3566272259
0.3256261349
0.3458158970
0.3099331856
0.3999049664
0.3283479214
0.2733910084
